 0.006 0.022512000000000001 
 0.0070000000000000001 0.02086 
 0.0080000000000000002 0.019432000000000001 
 0.0090000000000000011 0.018172000000000001 
 0.010000000000000002 0.017052000000000001 
 0.011000000000000003 0.016071999999999999 
 0.012000000000000004 0.015232000000000001 
 0.013000000000000005 0.014420000000000001 
 0.014000000000000005 0.01372 
 0.015000000000000006 0.013103999999999999 
 0.016000000000000007 0.012488000000000001 
 0.017000000000000008 0.011984 
 0.018000000000000009 0.011480000000000001 
 0.01900000000000001 0.011032 
 0.020000000000000011 0.01064 
 0.021000000000000012 0.01022 
 0.022000000000000013 0.0098840000000000004 
 0.023000000000000013 0.0095200000000000007 
 0.024000000000000014 0.0092399999999999999 
 0.025000000000000015 0.0089320000000000007 
 0.026000000000000016 0.008652 
 0.027000000000000017 0.0083999999999999995 
 0.028000000000000018 0.0081759999999999992 
 0.029000000000000019 0.0079240000000000005 
 0.03000000000000002 0.0077000000000000002 
 0.031000000000000021 0.0075040000000000003 
 0.032000000000000021 0.0073359999999999996 
 0.033000000000000022 0.0071120000000000003 
 0.034000000000000023 0.0069439999999999997 
 0.035000000000000024 0.0068040000000000002 
 0.036000000000000025 0.0066080000000000002 
 0.037000000000000026 0.006496 
 0.038000000000000027 0.0063280000000000003 
 0.039000000000000028 0.0061879999999999999 
 0.040000000000000029 0.0060480000000000004 
 0.041000000000000029 0.0059360000000000003 
 0.04200000000000003 0.0057959999999999999 
 0.043000000000000031 0.0057120000000000001 
 0.044000000000000032 0.0055719999999999997 
 0.045000000000000033 0.0054599999999999996 
 0.046000000000000034 0.0053759999999999997 
 0.047000000000000035 0.0052639999999999996 
 0.048000000000000036 0.0051799999999999997 
 0.049000000000000037 0.0050679999999999996 
 0.050000000000000037 0.0049839999999999997 
 0.051000000000000038 0.0048999999999999998 
 0.052000000000000039 0.0048440000000000002 
 0.05300000000000004 0.0047320000000000001 
 0.054000000000000041 0.0046480000000000002 
 0.055000000000000042 0.0045919999999999997 
 0.056000000000000043 0.0045079999999999999 
 0.057000000000000044 0.0044520000000000002 
 0.058000000000000045 0.0043680000000000004 
 0.059000000000000045 0.0043119999999999999 
 0.060000000000000046 0.004228 
 0.061000000000000047 0.0041999999999999997 
 0.062000000000000048 0.0041159999999999999 
 0.063000000000000042 0.0040600000000000002 
 0.064000000000000043 0.0040039999999999997 
 0.065000000000000044 0.0039480000000000001 
 0.066000000000000045 0.0038920000000000001 
 0.067000000000000046 0.003836 
 0.068000000000000047 0.0037799999999999999 
 0.069000000000000047 0.0037520000000000001 
 0.070000000000000048 0.0036960000000000001 
 0.071000000000000049 0.00364 
 0.07200000000000005 0.0035839999999999999 
 0.073000000000000051 0.0035560000000000001 
 0.074000000000000052 0.0035279999999999999 
 0.075000000000000053 0.003444 
 0.076000000000000054 0.003444 
 0.077000000000000055 0.003388 
 0.078000000000000055 0.0033319999999999999 
 0.079000000000000056 0.0033040000000000001 
 0.080000000000000057 0.0032759999999999998 
 0.081000000000000058 0.0032200000000000002 
 0.082000000000000059 0.003192 
 0.08300000000000006 0.0031640000000000001 
 0.084000000000000061 0.0031359999999999999 
 0.085000000000000062 0.0030799999999999998 
 0.086000000000000063 0.003052 
 0.087000000000000063 0.0030240000000000002 
 0.088000000000000064 0.002996 
 0.089000000000000065 0.0029680000000000002 
 0.090000000000000066 0.0029399999999999999 
 0.091000000000000067 0.0028839999999999998 
 0.092000000000000068 0.0028839999999999998 
 0.093000000000000069 0.0028279999999999998 
 0.09400000000000007 0.0028279999999999998 
 0.09500000000000007 0.0027720000000000002 
 0.096000000000000071 0.0027720000000000002 
 0.097000000000000072 0.0027439999999999999 
 0.098000000000000073 0.0027160000000000001 
 0.099000000000000074 0.00266 
 0.10000000000000007 0.00266 
 0.10100000000000008 0.0026319999999999998 
 0.10200000000000008 0.0026319999999999998 
 0.10300000000000008 0.0025760000000000002 
 0.10400000000000008 0.0025760000000000002 
