1 229544.0
2 458976.0
3 688576.0
4 918008.0
5 1147440.0
6 1377040.0
7 1606584.0
8 1835960.0
9 1999984.0
10 2000096.0
11 2000040.0
12 2000040.0
13 2000096.0
14 2000040.0
15 2000040.0
16 2000040.0
17 2000096.0
18 2000040.0
19 2000040.0
20 2000096.0
21 2000040.0
22 2000040.0
23 2000040.0
24 2000096.0
25 2000040.0
26 2000040.0
27 2000096.0
28 2000040.0
29 2000040.0
30 2000096.0
31 2000040.0
32 2000040.0
33 2000040.0
34 2000096.0
35 2000040.0
36 2000040.0
37 2000096.0
38 2000040.0
39 2000040.0
40 2000040.0
41 2000096.0
42 2000040.0
43 2000040.0
44 2000096.0
45 2000040.0
46 2000040.0
47 2000040.0
48 2000096.0
49 2000040.0
50 2000040.0
51 2000096.0
52 2000040.0
53 2000040.0
54 2000040.0
55 2000096.0
56 2000040.0
57 2000040.0
58 1971984.0
59 1971424.0
60 1972264.0
61 1972264.0
62 1972264.0
63 1972264.0
64 1972208.0
65 1972264.0
66 1972264.0
67 1972264.0
68 1972264.0
69 1972264.0
70 1972264.0
71 1972208.0
72 1972264.0
73 1972264.0
74 1972264.0
75 1972264.0
76 1972264.0
77 1972264.0
78 1972208.0
79 1970528.0
80 1972880.0
81 1972264.0
82 1972264.0
83 1972264.0
84 1972264.0
85 1972264.0
86 1972208.0
87 1972264.0
88 1972264.0
89 1972264.0
90 1972264.0
91 1972264.0
92 1972264.0
93 1972208.0
94 1972264.0
95 1972264.0
96 1972264.0
97 1972264.0
98 1972264.0
99 1972264.0
