 500000 0.29792000000000002 
 1000000 0.17505599999999999 
 1500000 0.12394666666666666 
 2000000 0.095899999999999999 
 2500000 0.078243199999999999 
 3000000 0.066061333333333333 
 3500000 0.057152000000000001 
 4000000 0.050372 
 4500000 0.045036444444444441 
 5000000 0.040700800000000002 
 5500000 0.037153454545454545 
 6000000 0.034150666666666669 
 6500000 0.031609846153846155 
 7000000 0.029423999999999999 
 7500000 0.027507199999999999 
 8000000 0.025836999999999999 
 8500000 0.02435670588235294 
 9000000 0.023034666666666665 
 9500000 0.021845894736842106 
 10000000 0.020775999999999999 
 10500000 0.019807999999999999 
 11000000 0.018922909090909091 
 11500000 0.018114782608695652 
 12000000 0.017378666666666667 
 12500000 0.016688000000000001 
 13000000 0.016059076923076922 
 13500000 0.015476740740740741 
 14000000 0.014928 
 14500000 0.014420965517241379 
 15000000 0.013947733333333334 
 15500000 0.013505032258064516 
 16000000 0.013086499999999999 
 16500000 0.012696727272727273 
 17000000 0.012326588235294117 
 17500000 0.0119808 
 18000000 0.01165111111111111 
 18500000 0.011336216216216216 
 19000000 0.011046736842105264 
 19500000 0.010763487179487179 
 20000000 0.0104972 
 20500000 0.010243902439024391 
 21000000 0.010002666666666667 
 21500000 0.0097726511627906978 
 22000000 0.0095505454545454539 
 22500000 0.0093432888888888895 
 23000000 0.0091401739130434791 
 23500000 0.0089480851063829785 
 24000000 0.0087639999999999992 
 24500000 0.0085851428571428572 
 25000000 0.00841568 
 25500000 0.0082528627450980385 
 26000000 0.0080941538461538464 
 26500000 0.00794354716981132 
 27000000 0.0077964444444444444 
 27500000 0.0076567272727272725 
 28000000 0.007522 
 28500000 0.0073880701754385969 
 29000000 0.0072645517241379312 
 29500000 0.007141423728813559 
 30000000 0.0070223999999999998 
 30500000 0.0069091147540983611 
 31000000 0.0067976774193548384 
 31500000 0.006689777777777778 
 32000000 0.006587 
 32500000 0.0064873846153846153 
 33000000 0.0063873939393939393 
 33500000 0.0062937313432835824 
 34000000 0.006202823529411765 
 34500000 0.0061113043478260871 
 35000000 0.0060271999999999999 
 35500000 0.0059407323943661975 
 36000000 0.005859777777777778 
 36500000 0.0057795068493150682 
 37000000 0.0057014054054054051 
 37500000 0.0056253866666666668 
 38000000 0.0055528421052631581 
 38500000 0.0054807272727272725 
 39000000 0.0054118974358974359 
 39500000 0.0053419746835443038 
 40000000 0.0052766000000000002 
 40500000 0.0052114567901234568 
 41000000 0.0051492682926829268 
 41500000 0.0050858795180722888 
 42000000 0.0050266666666666663 
 42500000 0.0049675294117647057 
 43000000 0.0049110697674418606 
 43500000 0.0048533333333333336 
 44000000 0.0047994545454545451 
 44500000 0.0047455280898876405 
 45000000 0.0046927999999999996 
 45500000 0.004641230769230769 
 46000000 0.0045919999999999997 
 46500000 0.0045414193548387093 
 47000000 0.0044942978723404251 
 47500000 0.0044469894736842109 
 48000000 0.0044006666666666664 
 48500000 0.0043564536082474226 
 49000000 0.0043108571428571432 
 49500000 0.0042684444444444445 
